num_iters = 0
	best fitness score = 0.6154017857142857	gen_avg = 2.7755575615628914e-17	consensus rate = 0.25	max_score = 2400	max_time = 250
num_iters = 1
	best fitness score = 0.6154017857142857	gen_avg = 0.0	consensus rate = 0.25	max_score = 480	max_time = 250
start = 1683916155.170476	 time elapsed = -38.559906005859375
